285
165
336
40
408
73
76
28
486
360
114
192
103
47
94
225
392
383
32
330
405
345
465
20
307
86
50
328
413
6
8
218
273
289
174
356
86
332
419
322
92
316
425
362
309
94
58
227
40
57
415
316
494
181
241
304
485
348
491
266
137
349
23
128
310
10
184
261
259
294
265
74
98
62
81
172
179
199
148
135
423
430
330
363
57
216
449
238
381
228
103
221
69
310
183
160
220
315
395
141
215
205
31
287
215
281
196
438
477
169
150
498
190
428
477
44
468
362
115
198
258
415
360
187
385
64
433
117
346
220
415
325
16
199
142
205
243
132
426
70
324
189
135
37
44
147
360
205
203
247
130
420
134
476
272
47
410
244
494
367
60
103
156
289
356
457
15
58
273
226
122
218
27
189
335
363
221
47
102
38
284
106
303
78
190
494
44
467
495
133
378
402
271
387
175
366
342
487
402
430
40
138
178
460
333
26
156
132
223
359
344
194
31
430
276
90
432
230
394
337
422
490
328
166
467
285
384
185
347
487
342
281
302
280
19
131
69
1
233
217
32
207
373
27
242
422
256
362
97
124
78
134
421
356
466
269
500
469
136
327
442
318
169
267
20
353
164
326
105
239
449
121
65
333
16
467
344
202
260
278
71
339
139
383
198
401
88
451
74
461
109
273
485
246
168
151
259
335
91
108
440
458
211
240
99
79
85
77
326
441
175
4
152
394
208
366
489
170
282
280
80
327
358
87
64
163
312
261
318
461
168
387
99
9
45
336
52
470
120
126
258
241
486
452
313
216
93
96
116
252
210
313
117
339
190
272
334
93
283
452
78
80
298
395
362
216
499
37
377
229
445
48
69
174
396
355
8
3
164
238
194
92
87
204
64
125
104
25
401
357
100
121
313
106
416
172
454
303
96
247
73
309
86
129
386
18
228
132
258
199
273
118
203
265
470
355
22
60
356
312
103
221
5
498
188
489
118
432
60
484
352
93
111
24
39
466
305
364
343
222
460
482
444
298
199
13
408
318
313
229
76
223
492
345
290
11
241
443
426
239
267
109
108
98
44
230
35
29
234
96
145
330
244
290
218
26
331
213
419
147
273
113
251
268
223
380
289
470
325
214
7
476
408
488
117
267
285
1
6
35
